1900
1900

6771
6771
6771
6771



1900

17500
17500
1900

137
17500
17500
1900

5355
1900
1900

1900
17500
17500
137
1900

1900
17500
17500
1900
137
1900
6771
6771
6771



1900

1900
1900

1900
17500
17500
1900


5355
137
137
137
137

5355
1900

5355
1900
1900

1900
137
1900

17500
17500
17500
17500
17500
17500
17500
17500
1900
1900

137
137
1900
32412
32414
137
17500
17500
1900
1900

137
1900
111
1900
1900
137
137
1900
137

5355

5355
137
137
137
1900
17500
17500
1900

1900


1900

1900
137
17500
17500
1900
1900
1900

1900
6771
6771
6771



1900

1900
1900

17500
17500
137
137
1900
137
1900

1900
137

5355
62976
137
17500
17500
17500
17500
17500
17500

5355
1900

5355

5355
1900
17500
137

5355
1900



5355
5355
