137
497
506
136
136
136
136
138
138
138
495
504
200
200
431
440
PACKET(137):
253
253
173
24
24
172
440
449
175
156
156
PACKET(137):
101
146
173
210
210
175
PACKET(137):
171
136
136
136
138
138
138
483
492
173
173
146
173
274
274
511
520
24
24
PACKET(137):
PACKET(137):
PACKET(137):
PACKET(137):
22
22
175
22
22
137
497
506
171
PACKET(137):
495
504
204
204
204
204
204
204
300
300
171
431
440
PACKET(137):
PACKET(137):
125
21
21
PACKET(137):
134
134
125
440
449
PACKET(137):
175
92
171
125
PACKET(137):
PACKET(137):
171
PACKET(137):
26
26
26
26
PACKET(137):
PACKET(137):
PACKET(137):
171
287
287
483
492
171
146
146
511
520
174
PACKET(137):
145
145
172
137
497
506
94
136
136
136
138
138
138
495
504
171
431
440
134
134
PACKET(137):
PACKET(137):
174
PACKET(137):
440
449
172
PACKET(137):
33
33
317
PACKET(137):
305
305
383
383
381
381
33
33
174
23
23
23
23
172
134
PACKET(137):
33
33
483
492
23
23
23
23
