50410
1900

47839
47839
6771
6771



1900

17500
17500
1900

137
17500
17500
53444

60787
38882
1900

51833
17500
17500
137
54679

53444
17500
17500
51833
137
33396
47839
6771
6771



1900

35313
35313

53444
17500
17500
1900


53694
137
137
137
137

51370
51833

51370
50410
1900

33396
137
1900

17500
17500
17500
17500
17500
17500
17500
17500
45747
1900

137
137
39293
57006
44639
137
17500
17500
39293
1900

137
51833
39293
33396
39293
137
137
45747
137

54486

54486
137
137
137
33396
17500
17500
1900

45747


1900

59100
137
17500
17500
33351
50410
1900

36632
47839
6771
6771



1900

45747
1900

17500
17500
137
137
59100
137
1900

33351
137

51166
62976
137
17500
17500
17500
17500
17500
17500

51166
59100

64926

52611
33351
17500
137

52650
1900



52611
64926
